
Team
P
W
D
L
F
A
GD
Pts
1
PSG
32
23
5
4
72
30
42
74
2
Marseille
32
17
8
7
52
31
21
59
3
Rennes
32
17
5
10
69
34
35
56
4
Monaco
33
16
8
9
51
34
17
56
5
Nice
33
16
7
10
42
29
13
54
6
Strasbourg
32
14
11
7
53
34
19
53
7
Lens
32
14
8
10
50
41
9
50
8
Lyon
32
13
11
8
50
41
9
49
9
Lille
33
12
12
9
41
40
1
48
10
Nantes
32
13
8
11
41
35
6
47
11
Montpellier
32
12
6
14
44
44
0
42
12
Reims
33
9
13
11
36
36
0
40
13
Brest
32
10
9
13
40
47
-7
39
14
Angers
32
8
10
14
36
46
-10
34
15
Lorient
33
8
10
15
33
52
-19
34
16
Troyes
33
8
9
16
30
46
-16
33
17
Clermont
33
8
8
17
33
61
-28
32
18
Saint-Étienne
33
7
10
16
37
64
-27
31
19
Bordeaux
33
5
12
16
44
79
-35
27
20
Metz
33
4
12
17
29
59
-30
24
