
Team
P
W
D
L
F
A
GD
Pts
1
PSG
28
18
9
1
65
24
41
63
2
Brest
27
14
8
5
37
20
17
50
3
Lille
28
13
10
5
42
25
17
49
4
Monaco
27
14
7
6
52
38
14
49
5
Lens
28
12
7
9
37
30
7
43
6
Nice
27
12
7
8
28
22
6
43
7
Marseille
28
10
9
9
41
33
8
39
8
Rennes
27
10
9
8
40
33
7
39
9
Reims
27
11
6
10
35
36
-1
39
10
Lyon
27
10
5
12
31
41
-10
35
11
Toulouse
27
8
8
11
32
36
-4
32
12
Strasbourg
27
8
8
11
30
39
-9
32
13
Montpellier
27
7
9
11
33
40
-7
29
14
Le Havre
28
6
10
12
27
36
-9
28
15
Nantes
27
8
4
15
26
42
-16
28
16
Lorient
27
6
8
13
35
50
-15
26
17
Metz
27
6
5
16
25
44
-19
23
18
Clermont
28
4
9
15
20
47
-27
21
