
Team
P
W
D
L
F
A
GD
Pts
1
AC Milan
34
22
8
4
60
30
30
74
2
Inter Milan
34
21
9
4
72
28
44
72
3
Napoli
35
21
7
7
67
31
36
70
4
Juventus
35
20
9
6
54
31
23
69
5
Lazio
35
17
8
10
70
53
17
59
6
Roma
34
17
7
10
55
40
15
58
7
Fiorentina
34
17
5
12
54
46
8
56
8
Atalanta
34
15
10
9
61
43
18
55
9
Hellas Verona
35
14
10
11
61
52
9
52
10
Sassuolo
35
12
10
13
60
61
-1
46
11
Torino
34
11
11
12
42
36
6
44
12
Udinese
34
10
13
11
53
52
1
43
13
Bologna
34
11
9
14
39
48
-9
42
14
Empoli
34
9
10
15
45
62
-17
37
15
Sampdoria
35
9
6
20
42
57
-15
33
16
Spezia
35
9
6
20
37
63
-26
33
17
Cagliari
35
6
10
19
32
64
-32
28
18
Salernitana
33
6
7
20
28
70
-42
25
19
Genoa
35
3
16
16
25
55
-30
25
20
Venezia
34
5
7
22
28
63
-35
22
