
Team
P
W
D
L
F
A
GD
Pts
1
PSG
25
20
2
3
67
21
46
62
2
Marseille
25
15
7
3
35
22
13
52
3
Rennes
25
12
5
8
29
23
6
41
4
Lille
25
12
4
9
30
27
3
40
5
Monaco
25
11
5
9
41
40
1
38
6
Lyon
26
10
7
9
40
26
14
37
7
Montpellier
25
10
7
8
32
28
4
37
8
Strasbourg
25
11
4
10
32
29
3
37
9
Nice
26
10
7
9
38
36
2
37
10
Reims
25
9
9
7
23
19
4
36
11
Bordeaux
25
9
8
8
35
28
7
35
12
Brest
26
8
10
8
34
35
-1
34
13
Nantes
25
10
4
11
25
27
-2
34
14
Angers
25
8
6
11
24
33
-9
30
15
Metz
26
6
10
10
24
34
-10
28
16
Saint-Étienne
25
8
4
13
27
41
-14
28
17
Nîmes
25
7
6
12
25
37
-12
27
18
Dijon
25
6
8
11
24
31
-7
26
19
Amiens
25
4
9
12
29
47
-18
21
20
Toulouse
25
3
4
18
21
51
-30
13
