
Team
P
W
D
L
F
A
GD
Pts
1
Leicester
37
26
4
7
74
33
41
82
2
Leeds
37
24
7
6
68
28
40
79
3
Ipswich
37
23
9
5
74
49
25
78
4
Southampton
36
22
7
7
73
47
26
73
5
West Brom
37
18
9
10
57
36
21
63
6
Norwich
37
17
7
13
66
54
12
58
7
Hull
37
16
10
11
53
46
7
58
8
Coventry
37
15
12
10
59
43
16
57
9
Middlesbrough
37
16
5
16
53
52
1
53
10
Preston
36
15
8
13
48
54
-6
53
11
Cardiff
37
16
5
16
43
49
-6
53
12
Sunderland
37
14
5
18
48
45
3
47
13
Bristol City
37
13
8
16
42
43
-1
47
14
Watford
37
11
12
14
52
51
1
45
15
Swansea
37
11
10
16
46
58
-12
43
16
Millwall
37
11
10
16
36
48
-12
43
17
Plymouth
37
10
11
16
54
61
-7
41
18
Blackburn
37
11
8
18
51
64
-13
41
19
Stoke
37
11
8
18
35
50
-15
41
20
QPR
37
10
9
18
36
50
-14
39
21
Birmingham
37
10
9
18
42
58
-16
39
22
Huddersfield
37
8
14
15
42
61
-19
38
23
Sheff Wed
37
11
5
21
30
55
-25
38
24
Rotherham
37
3
10
24
30
77
-47
19
