
Team
P
W
D
L
F
A
GD
Pts
1
Inter Milan
38
28
7
3
89
35
54
91
2
Atalanta
37
23
9
5
90
45
45
78
3
AC Milan
37
23
7
7
72
41
31
76
4
Napoli
37
24
4
9
85
40
45
76
5
Juventus
37
22
9
6
73
37
36
75
6
Lazio
37
21
5
11
61
53
8
68
7
Roma
37
18
7
12
66
56
10
61
8
Sassuolo
37
16
11
10
62
56
6
59
9
Sampdoria
38
15
7
16
52
54
-2
52
10
Hellas Verona
37
11
11
15
45
47
-2
44
11
Genoa
38
10
12
16
47
58
-11
42
12
Bologna
37
10
11
16
50
61
-11
41
13
Fiorentina
38
9
13
16
47
59
-12
40
14
Udinese
38
10
10
18
42
58
-16
40
15
Spezia
37
9
11
17
50
70
-20
38
16
Cagliari
38
9
10
19
43
59
-16
37
17
Torino
37
7
15
15
49
68
-19
36
18
Benevento
37
7
11
19
39
74
-35
32
19
Crotone
38
6
5
27
45
92
-47
23
20
Parma
38
3
11
24
39
83
-44
20
