
Team
P
W
D
L
F
A
GD
Pts
1
Napoli
32
25
4
3
68
22
46
79
2
Lazio
32
18
7
7
50
24
26
61
3
Juventus
32
18
6
8
48
27
21
60
4
Inter Milan
32
18
3
11
54
35
19
57
5
AC Milan
32
16
9
7
52
38
14
57
6
Roma
32
17
6
9
44
30
14
57
7
Atalanta
32
16
7
9
53
37
16
55
8
Bologna
32
12
9
11
41
40
1
45
9
Fiorentina
32
12
9
11
42
36
6
45
10
Monza
32
12
8
12
40
43
-3
44
11
Sassuolo
32
12
7
13
40
47
-7
43
12
Torino
32
11
9
12
33
38
-5
42
13
Udinese
32
10
12
10
42
40
2
42
14
Salernitana
32
7
13
12
38
51
-13
34
15
Empoli
32
7
11
14
26
42
-16
32
16
Lecce
32
7
10
15
27
38
-11
31
17
Spezia
32
5
12
15
26
51
-25
27
18
Hellas Verona
32
6
9
17
27
45
-18
27
19
Cremonese
32
3
11
18
28
58
-30
20
20
Sampdoria
32
3
8
21
20
57
-37
17
