Live
Team
P
W
D
L
F
A
GD
Pts
1
Juventus
33
24
5
4
70
35
35
77
2
Inter Milan
33
21
8
4
72
34
38
71
3
Atalanta
34
21
8
5
94
44
50
71
4
Lazio
33
21
6
6
68
35
33
69
5
Roma
33
17
6
10
61
44
17
57
6
AC Milan
34
16
8
10
51
43
8
56
7
Napoli
33
15
8
10
53
44
9
53
8
Sassuolo
34
13
9
12
63
58
5
48
9
Hellas Verona
34
11
12
11
42
42
0
45
10
Bologna
34
11
10
13
48
55
-7
43
11
Cagliari
34
10
12
12
49
50
-1
42
12
Parma
33
11
7
15
45
47
-2
40
13
Fiorentina
33
9
12
12
41
45
-4
39
14
Sampdoria
33
11
5
17
42
54
-12
38
15
Torino
33
11
4
18
41
60
-19
37
16
Udinese
33
9
9
15
31
46
-15
36
17
Genoa
33
7
9
17
40
63
-23
30
18
Lecce
33
7
8
18
41
74
-33
29
19
Brescia
33
5
6
22
30
70
-40
21
20
SPAL
33
5
4
24
23
62
-39
19
