
Team
P
W
D
L
F
A
GD
Pts
1
Lille
36
23
10
3
62
22
40
79
2
PSG
35
24
3
8
79
27
52
75
3
Lyon
36
21
10
5
74
38
36
73
4
Monaco
35
22
5
8
73
41
32
71
5
Marseille
36
15
11
10
50
44
6
56
6
Lens
36
15
11
10
55
51
4
56
7
Rennes
35
15
9
11
48
37
11
54
8
Montpellier
36
13
11
12
58
61
-3
50
9
Nice
36
14
7
15
47
49
-2
49
10
Metz
36
12
10
14
42
45
-3
46
11
Saint-Étienne
36
12
9
15
42
53
-11
45
12
Angers
36
12
8
16
37
53
-16
44
13
Reims
35
9
15
11
41
43
-2
42
14
Brest
36
11
7
18
50
64
-14
40
15
Bordeaux
36
11
6
19
37
55
-18
39
16
Strasbourg
36
10
8
18
46
57
-11
38
17
Lorient
36
10
8
18
47
66
-19
38
18
Nantes
36
8
13
15
42
53
-11
37
19
Nîmes
36
9
8
19
38
64
-26
35
20
Dijon
36
3
9
24
24
69
-45
18
